         1 20.000000 -0.000000
         1 20.005000 -0.064931
         1 20.010000 -0.086273
         1 20.015000 -0.101876
         1 20.020000 -0.114630
         1 20.025000 -0.125612
         1 20.030000 -0.135361
         1 20.035000 -0.144193
         1 20.040000 -0.152307
         1 20.045000 -0.159842
         1 20.050000 -0.166899
         1 20.055000 -0.173550
         1 20.060000 -0.179853
         1 20.065000 -0.185853
         1 20.070000 -0.191587
         1 20.075000 -0.197083
         1 20.080000 -0.202368
         1 20.085000 -0.207461
         1 20.090000 -0.212380
         1 20.095000 -0.217141
         1 20.100000 -0.221756
         1 20.105000 -0.226236
         1 20.110000 -0.230593
         1 20.115000 -0.234834
         1 20.120000 -0.238968
         1 20.125000 -0.243001
         1 20.130000 -0.246940
         1 20.135000 -0.250791
         1 20.140000 -0.254558
         1 20.145000 -0.258247
         1 20.150000 -0.261862
         1 20.155000 -0.265406
         1 20.160000 -0.268883
         1 20.165000 -0.272297
         1 20.170000 -0.275651
         1 20.175000 -0.278946
         1 20.180000 -0.282187
         1 20.185000 -0.285375
         1 20.190000 -0.288512
         1 20.195000 -0.291601
         1 20.200000 -0.294644
         1 20.205000 -0.297642
         1 20.210000 -0.300597
         1 20.215000 -0.303511
         1 20.220000 -0.306385
         1 20.225000 -0.309222
         1 20.230000 -0.312021
         1 20.235000 -0.314784
         1 20.240000 -0.317513
         1 20.245000 -0.320209
         1 20.250000 -0.322872
         1 20.255000 -0.325504
         1 20.260000 -0.328106
         1 20.265000 -0.330678
         1 20.270000 -0.333222
         1 20.275000 -0.335739
         1 20.280000 -0.338228
         1 20.285000 -0.340691
         1 20.290000 -0.343129
         1 20.295000 -0.345543
         1 20.300000 -0.347932
         1 20.305000 -0.350298
         1 20.310000 -0.352641
         1 20.315000 -0.354962
         1 20.320000 -0.357262
         1 20.325000 -0.359540
         1 20.330000 -0.361798
         1 20.335000 -0.364035
         1 20.340000 -0.366253
         1 20.345000 -0.368452
         1 20.350000 -0.370632
         1 20.355000 -0.372794
         1 20.360000 -0.374938
         1 20.365000 -0.377064
         1 20.370000 -0.379173
         1 20.375000 -0.381266
         1 20.380000 -0.383342
         1 20.385000 -0.385402
         1 20.390000 -0.387446
         1 20.395000 -0.389475
         1 20.400000 -0.391489
         1 20.405000 -0.393488
         1 20.410000 -0.395472
         1 20.415000 -0.397443
         1 20.420000 -0.399399
         1 20.425000 -0.401342
         1 20.430000 -0.403271
         1 20.435000 -0.405187
         1 20.440000 -0.407090
         1 20.445000 -0.408980
         1 20.450000 -0.410858
         1 20.455000 -0.412724
         1 20.460000 -0.414577
         1 20.465000 -0.416419
         1 20.470000 -0.418249
         1 20.475000 -0.420068
         1 20.480000 -0.421875
         1 20.485000 -0.423671
         1 20.490000 -0.425457
         1 20.495000 -0.427231
         1 20.500000 -0.428995
         1 20.550000 -0.446091
         1 20.600000 -0.462293
         1 20.650000 -0.477715
         1 20.700000 -0.492453
         1 20.750000 -0.506582
         1 20.800000 -0.520166
         1 20.850000 -0.533257
         1 20.900000 -0.545901
         1 20.950000 -0.558138
         1 21.000000 -0.570000
         1 21.050000 -0.581517
         1 21.100000 -0.592715
         1 21.150000 -0.603616
         1 21.200000 -0.614242
         1 21.250000 -0.624609
         1 21.300000 -0.634734
         1 21.350000 -0.644632
         1 21.400000 -0.654316
         1 21.450000 -0.663798
         1 21.500000 -0.673089
         1 21.550000 -0.682199
         1 21.600000 -0.691137
         1 21.650000 -0.699912
         1 21.700000 -0.708531
         1 21.750000 -0.717002
         1 21.800000 -0.725332
         1 21.850000 -0.733526
         1 21.900000 -0.741590
         1 21.950000 -0.749530
         1 22.000000 -0.757351
         1 22.500000 -0.829909
         1 23.000000 -0.894323
         1 23.500000 -0.952671
         1 24.000000 -1.006281
         1 24.500000 -1.056068
         1 25.000000 -1.102688
         1 25.500000 -1.146631
         1 26.000000 -1.188275
         1 26.500000 -1.227918
         1 27.000000 -1.265800
         1 27.500000 -1.302117
         1 28.000000 -1.337032
         1 28.500000 -1.370682
         1 29.000000 -1.403183
         1 29.500000 -1.434635
         1 30.000000 -1.465126
         1 30.500000 -1.494729
         1 31.000000 -1.523512
         1 31.500000 -1.551533
         1 32.000000 -1.578844
         1 32.500000 -1.605491
         1 33.000000 -1.631517
         1 33.500000 -1.656959
         1 34.000000 -1.681850
         1 34.500000 -1.706223
         1 35.000000 -1.730104
         1 35.500000 -1.753521
         1 36.000000 -1.776495
         1 36.500000 -1.799050
         1 37.000000 -1.821205
         1 37.500000 -1.842979
         1 38.000000 -1.864389
         1 38.500000 -1.885451
         1 39.000000 -1.906180
         1 39.500000 -1.926589
         1 40.000000 -1.946692
         1 40.500000 -1.966500
         1 41.000000 -1.986025
         1 41.500000 -2.005278
         1 42.000000 -2.024269
         1 42.500000 -2.043006
         1 43.000000 -2.061500
         1 43.500000 -2.079757
         1 44.000000 -2.097787
         1 44.500000 -2.115597
         1 45.000000 -2.133194
         1 45.500000 -2.150584
         1 46.000000 -2.167774
         1 46.500000 -2.184770
         1 47.000000 -2.201578
         1 47.500000 -2.218203
         1 48.000000 -2.234651
         1 48.500000 -2.250926
         1 49.000000 -2.267034
         1 49.500000 -2.282979
         1 50.000000 -2.298765
